image_width: 1024
image_height: 768
camera_name: inland_ir
camera_matrix:
  rows: 3
  cols: 3
  data: [999.461170663331, 0, 513.8066063, 
        0, 996.9611451866272, 379.3177525, 
        0, 0, 1]
distortion_model: plumb_bob
distortion_coefficients:
  rows: 1
  cols: 5
  data: [0.1644274736100891, -0.2717244716038656, -0.002867946281892625, -9.69782173585606e-05, 0]
rectification_matrix:
  rows: 3
  cols: 3
  data: [1, 0, 0, 0, 1, 0, 0, 0, 1]
projection_matrix:
  rows: 3
  cols: 4
  data: [1022.143981933594, 0, 642.2379933862903, 0, 0, 1021.583557128906, 471.9362383152657, 0, 0, 0, 1, 0]
